88,16,505,21,505,43,87,38
149,45,443,47,443,63,148,61
171,64,184,64,184,73,171,73
17,69,185,72,185,85,17,82
205,148,226,146,237,144,260,144,274,145,291,145,305,146,304,157,291,156,273,156,259,155,238,156,225,157,204,160
208,160,300,160,300,181,208,181
207,189,319,190,319,203,207,202
205,206,266,201,268,223,206,228
206,235,470,237,470,251,206,250
205,253,309,253,309,271,205,271
373,254,421,254,421,273,373,273
507,265,558,265,558,280,507,280
205,284,333,284,333,296,205,296
373,284,481,284,481,299,373,299
204,300,240,300,240,319,204,319
372,300,457,300,457,321,372,321
490,334,500,329,518,322,529,321,539,322,545,321,556,320,559,342,548,342,541,344,531,342,519,344,513,346,503,351
371,329,382,328,401,327,424,327,440,329,458,329,474,329,474,341,458,341,441,341,423,339,402,339,381,340,370,341
204,328,349,328,349,343,204,343
203,344,307,344,307,364,203,364
